0,15,25,20,29,21
15,0,20,25,41.2,36
25,20,0,15,36,41.2
20,25,15,0,21,29
29,41.2,36,21,0,20
21,36,41.2,29,20,0